0 0 0.000566759384602
0 10 0.000566759384602
0 20 0.000566759384602
0 30 0.000566759384602
0 40 0.000566759384602
0 50 0.000566759384602
1 0 0.000566759384602
1 10 0.000566759384602
1 20 0.000566759384602
1 30 0.000566759384602
1 40 0.000566759384602
1 50 0.000566759384602
2 0 0.000566759384602
2 10 0.000566759384602
2 20 0.000566759384602
2 31 0.000566759384602
2 41 0.000566759384602
2 51 0.000566759384602
3 1 0.000566759384602
3 11 0.000566759384602
3 21 0.000566759384602
3 31 0.000566759384602
3 41 0.000566759384602
3 51 0.000566759384602
4 1 0.000566759384602
4 11 0.000566759384602
4 21 0.000566759384602
4 31 0.000566759384602
4 41 0.000566759384602
4 52 0.000566759384602
5 2 0.000566759384602
5 12 0.000566759384602
5 22 0.000566759384602
5 32 0.000566759384602
5 42 0.000566759384602
5 52 0.000566759384602
6 2 0.000566759384602
6 12 0.000566759384602
6 22 0.000566759384602
6 32 0.000566759384602
6 42 0.000566759384602
6 52 0.000566759384602
7 2 0.000566759384602
7 13 0.000566759384602
7 23 0.000566759384602
7 33 0.00524021151205
7 43 0.00501099857262
7 53 0.00416579940047
8 3 0.00367531439679
8 13 0.00325277664029
8 23 0.00301080885606
8 33 0.00290522606601
8 43 0.00243753337393
8 53 0.00252139721343
9 3 0.00281405163297
9 13 0.00312236719269
9 23 0.00381934710327
9 33 0.00479559779848
9 44 0.0066709324328
9 54 0.00963064267656
10 4 0.0133937057465
10 14 0.0191601904346
10 24 0.0273385078456
10 34 0.0374372761171
10 44 0.049667788234
10 54 0.0670772349694
11 4 0.084831914468
11 14 0.107241605183
11 24 0.131056427811
11 34 0.156729033454
11 44 0.178072099538
11 54 0.20579196984
12 5 0.22561745649
12 15 0.245578880534
12 25 0.266492992571
12 35 0.291325930791
12 45 0.32324718158
12 55 0.339841840132
13 5 0.361254936839
13 15 0.355392684383
13 25 0.348031978675
13 35 0.338836778175
13 45 0.327654944406
13 55 0.280853467142
14 5 0.232979186866
14 15 0.185630901496
14 26 0.123647539801
14 36 0.0791477318773
14 46 0.0522624799083
14 56 0.0430906330675
15 6 0.0509416156734
15 16 0.0703139715289
15 26 0.101457865491
15 36 0.135200752036
15 46 0.163521056659
15 56 0.189507080871
16 6 0.202677551044
16 16 0.203607362961
16 26 0.198055702077
16 36 0.185353569318
16 46 0.161381590198
16 57 0.138584145804
17 7 0.114092664338
17 17 0.093402736601
17 27 0.0751373010758
17 37 0.0563994125649
17 47 0.0405415892325
17 57 0.0292501089443
18 7 0.0212992505706
18 17 0.0130929752766
18 27 0.0083755438535
18 37 0.00541062153969
18 47 0.00369466084403
18 57 0.00268752811126
19 7 0.00226358034328
19 18 0.00196244202306
19 28 0.00168187673739
19 38 0.00139734918411
19 48 0.00111871362514
19 58 0.000907744240909
20 8 0.000721234790766
20 18 0.000700930464168
20 28 0.000566759384602
20 38 0.000566759384602
20 48 0.000566759384602
20 58 0.000566759384602
21 8 0.000566759384602
21 18 0.000566759384602
21 28 0.000566759384602
21 39 0.000566759384602
21 49 0.000566759384602
21 59 0.000566759384602
22 9 0.000566759384602
22 19 0.000566759384602
22 29 0.000566759384602
22 39 0.000566759384602
22 49 0.000566759384602
22 59 0.000566759384602
23 9 0.000566759384602
23 19 0.000566759384602
23 29 0.000566759384602
23 39 0.000566759384602
23 49 0.000566759384602
23 59 0.000566759384602
